
-------------------------------------------------------------
                    {HSD}       {HSG}        {CD}        {CG}
-------------------------------------------------------------
      $exper$       0.109       0.100       0.130      0.0985
                  (0.003)     (0.002)     (0.003)    (0.0025)
    $exper^2$    -0.00649    -0.00539    -0.00788    -0.00540
                (0.00028)   (0.00020)   (0.00028)   (0.00028)
    $exper^3$    0.000178    0.000145    0.000226    0.000146
               (0.000010)  (0.000007)  (0.000011)  (0.000011)
    $exper^4$   -1.76e-06   -1.49e-06   -2.43e-06   -1.59e-06
               (1.20e-07)  (8.91e-08)  (1.38e-07)  (1.54e-07)
   $\phi_{1}$        1.18       0.892       0.845       0.994
                   (0.12)     (0.080)     (0.101)     (0.090)
   $\phi_{2}$     -0.0469     -0.0327     -0.0312     -0.0404
                 (0.0048)    (0.0032)    (0.0041)    (0.0036)
        $R^2$        0.91        0.95        0.92        0.93
          $N$        1780        1746        1675        1600
-------------------------------------------------------------
